N Bin-Edges
201
Droplet Bin-Edges (microns)
4.900000000000000189e-02
5.099999999999999672e-02
5.299999999999999850e-02
5.500000000000000028e-02
5.700000000000000205e-02
5.899999999999999689e-02
6.099999999999999867e-02
6.300000000000000044e-02
6.500000000000000222e-02
6.800000000000000488e-02
7.000000000000000666e-02
7.299999999999999545e-02
7.499999999999999722e-02
7.799999999999999989e-02
8.100000000000000255e-02
8.400000000000000522e-02
8.699999999999999400e-02
8.999999999999999667e-02
9.400000000000000022e-02
9.700000000000000289e-02
1.010000000000000064e-01
1.039999999999999952e-01
1.079999999999999988e-01
1.120000000000000023e-01
1.160000000000000059e-01
1.199999999999999956e-01
1.250000000000000000e-01
1.290000000000000036e-01
1.340000000000000080e-01
1.390000000000000124e-01
1.439999999999999891e-01
1.489999999999999936e-01
1.549999999999999989e-01
1.600000000000000033e-01
1.660000000000000087e-01
1.719999999999999862e-01
1.789999999999999925e-01
1.849999999999999978e-01
1.920000000000000040e-01
1.990000000000000102e-01
2.059999999999999887e-01
2.139999999999999958e-01
2.220000000000000029e-01
2.300000000000000100e-01
2.379999999999999893e-01
2.469999999999999973e-01
2.560000000000000053e-01
2.660000000000000142e-01
2.750000000000000222e-01
2.849999999999999756e-01
2.959999999999999853e-01
3.069999999999999951e-01
3.180000000000000049e-01
3.300000000000000155e-01
3.420000000000000262e-01
3.539999999999999813e-01
3.669999999999999929e-01
3.810000000000000053e-01
3.940000000000000169e-01
4.089999999999999747e-01
4.239999999999999880e-01
4.390000000000000013e-01
4.560000000000000164e-01
4.719999999999999751e-01
4.889999999999999902e-01
5.070000000000000062e-01
5.260000000000000231e-01
5.450000000000000400e-01
5.649999999999999467e-01
5.859999999999999654e-01
6.069999999999999840e-01
6.300000000000000044e-01
6.530000000000000249e-01
6.770000000000000462e-01
7.009999999999999565e-01
7.269999999999999796e-01
7.540000000000000036e-01
7.810000000000000275e-01
8.100000000000000533e-01
8.399999999999999689e-01
8.699999999999999956e-01
9.020000000000000240e-01
9.350000000000000533e-01
9.699999999999999734e-01
1.004999999999999893e+00
1.042000000000000037e+00
1.080000000000000071e+00
1.120000000000000107e+00
1.161000000000000032e+00
1.203000000000000069e+00
1.247000000000000108e+00
1.292999999999999927e+00
1.340000000000000080e+00
1.389000000000000012e+00
1.439999999999999947e+00
1.493000000000000105e+00
1.548000000000000043e+00
1.604000000000000092e+00
1.663000000000000034e+00
1.723999999999999977e+00
1.786999999999999922e+00
1.852999999999999980e+00
1.921000000000000041e+00
1.991000000000000103e+00
2.064000000000000057e+00
2.140000000000000124e+00
2.217999999999999972e+00
2.298999999999999932e+00
2.383000000000000007e+00
2.471000000000000085e+00
2.560999999999999943e+00
2.654999999999999805e+00
2.751999999999999780e+00
2.853000000000000203e+00
2.958000000000000185e+00
3.065999999999999837e+00
3.177999999999999936e+00
3.294999999999999929e+00
3.415000000000000036e+00
3.540000000000000036e+00
3.669999999999999929e+00
3.805000000000000160e+00
3.943999999999999950e+00
4.088000000000000078e+00
4.238000000000000433e+00
4.392999999999999794e+00
4.554000000000000270e+00
4.721000000000000085e+00
4.894000000000000128e+00
5.073000000000000398e+00
5.259000000000000341e+00
5.451999999999999957e+00
5.652000000000000135e+00
5.858999999999999986e+00
6.073000000000000398e+00
6.296000000000000263e+00
6.525999999999999801e+00
6.764999999999999680e+00
7.012999999999999901e+00
7.269999999999999574e+00
7.536999999999999922e+00
7.812999999999999723e+00
8.099000000000000199e+00
8.396000000000000796e+00
8.702999999999999403e+00
9.022000000000000242e+00
9.352000000000000313e+00
9.695000000000000284e+00
1.005000000000000071e+01
1.041799999999999926e+01
1.080000000000000071e+01
1.119599999999999973e+01
1.160599999999999987e+01
1.203100000000000058e+01
1.247199999999999953e+01
1.292800000000000082e+01
1.340199999999999925e+01
1.389300000000000068e+01
1.440199999999999925e+01
1.492900000000000027e+01
1.547600000000000087e+01
1.604299999999999926e+01
1.663100000000000023e+01
1.723999999999999844e+01
1.787199999999999989e+01
1.852599999999999980e+01
1.920499999999999829e+01
1.990899999999999892e+01
2.063800000000000168e+01
2.139399999999999835e+01
2.217800000000000082e+01
2.298999999999999844e+01
2.383200000000000074e+01
2.470499999999999829e+01
2.560999999999999943e+01
2.654799999999999827e+01
2.752100000000000080e+01
2.852899999999999991e+01
2.957400000000000162e+01
3.065800000000000125e+01
3.178099999999999881e+01
3.294500000000000028e+01
3.415200000000000102e+01
3.540299999999999869e+01
3.670000000000000284e+01
3.804399999999999693e+01
3.943800000000000239e+01
4.088199999999999790e+01
4.238000000000000256e+01
4.393200000000000216e+01
4.554200000000000159e+01
4.721000000000000085e+01
4.893900000000000006e+01
5.073199999999999932e+01
5.259100000000000108e+01
5.451700000000000301e+01
5.651400000000000290e+01
5.858500000000000085e+01
6.073100000000000165e+01
6.295499999999999829e+01
6.526200000000000045e+01